horizon,V,C
shared,0.0015432654208267377,0.0015501470261473436
